[PARAMETERS]
WIDTH=717
HEIGHT=1549
X_OFFSET=501.187835693359
Z_OFFSET=595.596069335938
MARGIN=10
SCALE_FACTOR=1
DRAWING_SIZE=10

