[MAIN]
OVERLAYS_COUNT=3

[CHECKPOINT_0]
WORLD_POSITION=-176.5789, -0.0472, 168.0163 
OFFSET=-1.47501 ,3 ,0
WIDTH=15
HEIGHT=1.5
ORIENTATION=0.999595 ,-900.00425138 ,0.0281318

[CHECKPOINT_1]
WORLD_POSITION= 410.2675, -0.1871, 82.2465 
OFFSET=0.630934 ,3 ,0
WIDTH=15
HEIGHT=1.5
ORIENTATION=0.780915 ,-900.0171761 ,-0.624401

[CHECKPOINT_2]
WORLD_POSITION= -233.6750,3.4044, -362.8572 
OFFSET=-1.55 ,3 ,0
WIDTH=15
HEIGHT=1.5
ORIENTATION=0.635025 ,-900.00990747 ,0.772428

[YELLOW_FLAG]
DISTANCE=700
